89092093
89094785
89096835
89096927
89105902
1734024
1734108
1734175
89114888
89114906
89114950
89116188
89116199
89116202
89116233
89117277
89130235
89130248
89130382
6174438
6174439
6174585
6174586
6174587
6174588
6174589
6174590
6174591
6174592
6174593
6174594
6174595
6174596
6174597
6174598
6174599
6174600
6174619
6174620
6174621
6174622
6174623
6174624
6174625
6174626
6174631
6174634
6174635
6174636
6174637
6174639
6174640
6174641
6174642
6174643
6174644
6174665
6174666
6174667
6174669
6174670
6174671
6174672
6174673
6174674
6174675
6174676
6174677
6174678
6174679
6174680
6174681
6174682
6174683
6174684
6174685
6174686
6174687
6174688
6174689
